0 0.186176 0.298122 0.027647 0.046009
0 0.260588 0.402347 0.025882 0.053521
0 0.248529 0.476995 0.028824 0.050704
0 0.246471 0.543662 0.036471 0.050704
0 0.215000 0.922066 0.058235 0.093897
0 0.406765 0.906573 0.054706 0.089202
0 0.569706 0.765258 0.041765 0.078873
0 0.830294 0.658685 0.044118 0.061033
0 0.896176 0.504225 0.030000 0.045070
0 0.751765 0.520188 0.024706 0.050704
0 0.627353 0.446479 0.031176 0.057277
0 0.548824 0.549765 0.037647 0.055399
0 0.406176 0.521127 0.030000 0.048826
0 0.502647 0.440376 0.032353 0.050704
0 0.542353 0.375587 0.027059 0.041315
0 0.592647 0.301878 0.022941 0.034742
0 0.759706 0.238028 0.022941 0.036620
0 0.801765 0.310329 0.032941 0.047887
0 0.388529 0.255869 0.027647 0.034742
0 0.463235 0.324413 0.026471 0.042254
0 0.466765 0.178873 0.031176 0.046009
0 0.497647 0.126291 0.016471 0.027230
0 0.552941 0.225822 0.025882 0.038498
0 0.671765 0.207042 0.025882 0.027230
0 0.611765 0.115493 0.020000 0.031925
0 0.663235 0.055399 0.017059 0.026291
0 0.557353 0.105634 0.020588 0.030986
0 0.439412 0.136620 0.023529 0.021596
0 0.430294 0.087324 0.027647 0.041315
0 0.737353 0.402347 0.038235 0.047887
0 0.368529 0.372300 0.030000 0.047887
0 0.627353 0.025352 0.014706 0.018779
